1 11 43 10
2 15 37 36
3 10 0 42
4 1 37 45
5 11 28 37
6 4 12 39
7 14 12 13
8 6 42 18
9 4 24 11
10 1 6 36
11 3 9 32
12 13 15 21
13 12 25 21
14 14 18 8
15 12 41 38
16 19 25 1
17 0 31 13
18 13 47 7
19 13 43 32
20 7 4 40
21 15 17 0
22 17 42 17
23 0 4 44
24 1 11 12
25 2 13 3
26 10 2 28
27 13 34 11
28 17 28 8
29 6 43 3
30 10 22 7
31 11 38 26
32 3 37 20
33 10 8 27
34 14 1 38
35 8 3 21
36 14 7 1
37 7 41 14
38 16 21 22
39 3 17 27
40 13 39 34
41 16 27 12
42 19 17 32
43 1 25 9
44 7 26 49
45 15 30 4
46 18 26 11
47 1 13 5
48 15 12 26
49 17 25 45
50 4 40 35
51 10 49 12
52 4 48 31
53 17 12 6
54 18 29 35
55 10 15 17
56 4 25 43
57 6 37 8
58 3 12 20
59 1 10 47
60 17 36 38
61 12 49 39
62 16 23 39
63 18 32 1
64 4 1 31
65 1 23 48
66 8 47 23
67 11 35 12
68 10 28 25
69 0 0 37
70 18 17 25
71 8 19 24
72 19 37 0
73 18 35 32
74 0 42 35
75 3 33 8
76 3 42 6
77 18 43 41
78 11 5 22
79 16 36 22
80 15 16 41
81 0 36 12
82 15 45 49
83 15 43 35
84 9 45 27
85 5 30 12
86 15 13 4
87 13 24 0
88 5 45 5
89 9 43 13
90 8 9 4
91 8 47 16
92 15 44 17
93 10 40 2
94 12 37 31
95 17 18 44
96 4 33 0
97 18 7 0
98 15 4 6
99 4 47 49
100 7 27 11
101 11 16 10
102 19 43 5
103 6 4 47
104 11 38 34
105 2 25 2
106 8 29 36
107 9 7 45
108 19 2 0
109 5 38 47
110 17 35 27
111 18 38 43
112 8 7 36
113 15 44 42
114 12 37 30
115 9 9 7
116 1 30 39
117 9 49 48
118 15 20 3
119 7 48 41
120 6 25 29
121 13 13 17
122 16 13 25
123 15 19 21
124 19 23 8
125 2 12 19
126 19 6 49
127 0 37 0
128 19 14 21
129 14 41 21
130 5 18 46
131 4 21 9
132 14 20 24
133 1 5 45
134 12 36 19
135 2 48 33
136 13 20 39
137 15 32 27
138 15 41 43
139 18 5 35
140 9 13 3
141 17 49 26
142 8 3 46
143 3 34 3
144 8 38 40
145 9 2 40
146 3 36 12
147 14 21 45
148 13 8 38
149 7 19 46
150 2 0 9
151 17 28 10
152 13 16 42
153 11 2 45
154 0 41 37
155 1 43 28
156 16 31 42
157 11 4 37
158 4 15 26
159 11 34 24
160 5 36 33
161 2 14 45
162 8 33 11
163 0 14 15
164 6 7 3
165 0 2 33
166 16 34 27
167 7 40 15
168 4 5 43
169 15 41 17
170 13 28 2
171 15 44 49
172 3 29 11
173 15 44 27
174 11 2 34
175 6 34 36
176 11 1 22
177 18 10 13
178 15 44 18
179 10 30 10
180 19 33 40
181 3 20 34
182 13 36 14
183 14 21 10
184 1 24 14
185 5 32 49
186 3 25 0
187 6 46 10
188 1 31 7
189 19 14 37
190 1 13 22
191 1 17 44
192 18 20 30
193 14 36 4
194 4 29 30
195 10 6 13
196 9 19 38
197 1 7 34
198 14 8 18
199 11 30 32
200 0 11 47
201 14 35 16
202 8 45 38
203 11 19 24
204 17 5 3
205 17 5 9
206 10 7 31
207 11 10 38
208 5 26 47
209 5 49 27
210 17 9 40
211 17 45 25
212 3 26 20
213 2 39 41
214 18 6 46
215 2 3 4
216 13 16 13
217 4 17 23
218 13 4 2
219 0 10 1
220 9 49 13
221 9 36 10
222 7 42 36
223 19 34 25
224 1 2 31
225 19 26 37
226 5 10 5
227 8 24 22
228 14 29 28
229 16 31 38
230 9 10 38
231 14 32 26
232 5 29 18
233 1 0 2
234 19 13 7
235 10 23 33
236 9 38 45
237 14 19 22
238 8 25 1
239 17 33 35
240 5 42 45
241 15 17 29
242 12 4 10
243 10 25 11
244 5 24 12
245 17 49 47
246 18 38 45
247 13 9 17
248 13 34 20
249 10 17 5
250 8 11 3
251 3 30 34
252 7 34 45
253 18 10 6
254 15 36 32
255 9 45 32
256 8 24 22
257 3 29 31
258 12 32 17
259 15 13 36
260 2 13 47
261 15 18 28
262 12 6 14
263 17 46 24
264 15 41 13
265 7 0 8
266 11 8 32
267 13 14 11
268 16 38 46
269 13 33 9
270 1 36 24
271 19 43 42
272 19 35 48
273 3 24 46
274 0 19 37
275 15 49 39
276 13 10 0
277 18 44 14
278 1 12 4
279 17 48 38
280 8 19 26
281 14 40 19
282 7 41 7
283 17 7 31
284 4 47 3
285 1 4 2
286 3 19 12
287 13 17 8
288 19 31 23
289 13 40 21
290 3 11 42
291 19 5 33
292 1 42 24
293 8 30 31
294 9 14 30
295 4 37 34
296 16 2 4
297 1 17 23
298 11 48 6
299 4 34 47
300 17 7 8
301 0 9 13
302 15 30 8
303 9 8 40
304 3 19 6
305 15 34 45
306 10 2 48
307 16 35 17
308 11 27 16
309 18 43 0
310 5 33 9
311 5 13 18
312 0 28 48
313 18 19 8
314 0 44 28
315 6 0 14
316 2 40 16
317 2 38 4
318 19 9 31
319 5 39 26
320 17 14 9
321 19 1 22
322 17 2 18
323 2 24 28
324 3 18 8
325 9 18 22
326 3 10 41
327 5 48 45
328 5 10 28
329 2 49 4
330 12 16 21
331 17 40 21
332 3 10 34
333 17 39 49
334 17 47 18
335 16 22 44
336 6 13 19
337 17 10 16
338 7 40 1
339 6 44 23
340 4 12 46
341 2 3 38
342 3 48 49
343 19 17 40
344 18 4 39
345 19 10 11
346 3 27 26
347 12 44 38
348 11 23 28
349 12 1 25
350 5 46 37
351 13 10 42
352 1 45 40
353 0 15 7
354 2 35 14
355 2 24 23
356 7 3 2
357 12 49 40
358 15 22 21
359 7 26 46
360 4 22 35
361 17 34 28
362 18 29 18
363 11 46 28
364 13 32 42
365 7 6 18
366 3 16 24
367 5 30 23
368 17 15 48
369 0 24 36
370 0 48 22
371 9 32 2
372 7 11 22
373 10 8 0
374 16 40 44
375 3 48 15
376 18 16 39
377 3 48 14
378 13 15 12
379 13 39 36
380 2 21 36
381 6 0 18
382 8 10 32
383 0 30 40
384 3 38 32
385 19 44 32
386 14 22 1
387 15 28 49
388 10 3 15
389 12 16 6
390 11 20 28
391 7 46 28
392 8 24 38
393 10 27 21
394 2 30 11
395 14 31 5
396 8 48 30
397 19 3 8
398 9 23 11
399 14 8 29
400 2 31 0
401 10 40 46
402 11 18 23
403 11 28 0
404 14 30 32
405 16 16 13
406 3 35 11
407 3 6 17
408 3 25 42
409 4 11 0
410 4 6 33
411 16 26 24
412 14 29 42
413 7 21 23
414 19 35 5
415 1 13 24
416 17 47 11
417 0 10 17
418 7 34 45
419 0 20 8
420 2 36 14
421 6 2 41
422 2 19 20
423 6 6 43
424 9 46 29
425 17 19 44
426 11 6 41
427 12 9 4
428 11 28 40
429 6 38 10
430 15 3 49
431 19 1 3
432 2 23 22
433 15 41 29
434 8 33 27
435 9 30 46
436 14 3 5
437 17 37 16
438 11 38 44
439 11 37 35
440 14 44 38
441 15 15 41
442 18 28 16
443 11 15 7
444 12 43 40
445 9 5 22
446 7 11 25
447 4 8 14
448 0 12 5
449 15 5 42
450 12 11 36
451 2 16 1
452 3 25 31
453 9 6 46
454 18 20 42
455 1 11 47
456 13 0 10
457 11 45 18
458 5 7 32
459 0 14 38
460 2 6 49
461 10 38 16
462 4 13 43
463 17 4 1
464 14 3 21
465 6 44 32
466 15 7 32
467 15 48 29
468 15 6 37
469 8 16 1
470 8 21 10
471 17 11 48
472 15 7 12
473 8 35 16
474 19 11 21
475 12 29 15
476 4 44 25
477 19 21 25
478 8 18 31
479 17 48 0
480 1 16 21
481 11 36 34
482 1 23 42
483 15 2 29
484 14 33 40
485 15 36 19
486 13 22 15
487 0 41 38
488 7 42 6
489 9 31 5
490 9 22 23
491 2 25 11
492 6 29 35
493 18 44 39
494 19 28 22
495 19 36 8
496 0 11 31
497 5 11 24
498 5 38 18
499 12 49 0
500 9 10 24
